Id,Pred
2016_1112_1114,0.8390933166
2016_1112_1122,0.999999
2016_1112_1124,0.11966656792300001
2016_1112_1138,0.9615982312610001
2016_1112_1139,0.5569040338800001
2016_1112_1143,0.804646144737
2016_1112_1151,0.8199327457510001
2016_1112_1153,0.897947756249
2016_1112_1160,0.941184236643
2016_1112_1163,0.8949066671789999
2016_1112_1167,0.989643674859
2016_1112_1173,0.68832630053
2016_1112_1181,0.29771752468199997
2016_1112_1192,0.9699599898160001
2016_1112_1195,0.629793661479
2016_1112_1201,0.196157778333
2016_1112_1211,0.275448440183
2016_1112_1214,0.9910496070129999
2016_1112_1218,0.007505447053239999
2016_1112_1221,0.9736958025720001
2016_1112_1231,0.0009468546079380001
2016_1112_1233,0.136281662231
2016_1112_1234,0.139031992534
2016_1112_1235,0.000110229268567
2016_1112_1242,0.000757819764687
2016_1112_1246,0.00206443132644
2016_1112_1268,0.735596154674
2016_1112_1274,0.00438790417136
2016_1112_1276,0.327320356124
2016_1112_1277,0.021065568458799998
2016_1112_1292,0.42644747266500005
2016_1112_1314,0.0006533513156860001
2016_1112_1320,0.852487218833
2016_1112_1323,0.47302520678000004
2016_1112_1328,0.00132424906666
2016_1112_1332,0.0340703106085
2016_1112_1333,0.7999287470659999
2016_1112_1338,0.9958618542409999
2016_1112_1344,0.238182127219
2016_1112_1345,0.456763269867
2016_1112_1355,0.952953726037
2016_1112_1371,0.0497597131074
2016_1112_1372,0.999999
2016_1112_1380,0.86043283626
2016_1112_1386,0.13142353024599998
2016_1112_1392,0.8814536381389999
2016_1112_1393,0.231842594707
2016_1112_1396,0.134168899827
2016_1112_1400,0.336821080418
2016_1112_1401,0.014232298597600002
2016_1112_1403,0.627723288765
2016_1112_1409,0.11923123723300001
2016_1112_1421,0.20846916814199998
2016_1112_1423,0.0493409168265
2016_1112_1425,0.166205410217
2016_1112_1428,0.585072705924
2016_1112_1433,0.0870120919428
2016_1112_1435,0.955999718965
2016_1112_1437,0.0011832734392
2016_1112_1438,0.951417342656
2016_1112_1451,0.601577030405
2016_1112_1452,0.246065206941
2016_1112_1453,0.005356660936649999
2016_1112_1455,0.639187328684
2016_1112_1458,0.8651412854870001
2016_1112_1462,0.0798523417456
2016_1112_1463,0.6908252401980001
2016_1114_1122,0.374680871699
2016_1114_1124,0.018950948996099996
2016_1114_1138,0.90973931985
2016_1114_1139,0.0647406300435
2016_1114_1143,0.299625038645
2016_1114_1151,0.442835607778
2016_1114_1153,0.816836271902
2016_1114_1160,0.6142195666879999
2016_1114_1163,0.253006135488
2016_1114_1167,0.514410553119
2016_1114_1173,0.166251659164
2016_1114_1181,0.273770013134
2016_1114_1192,0.606597795081
2016_1114_1195,0.871127021509
2016_1114_1201,0.20073959149599999
2016_1114_1211,0.0118472815179
2016_1114_1214,0.9273759696420001
2016_1114_1218,0.03783333948999999
2016_1114_1221,0.213972824806
2016_1114_1231,0.007761730239189999
2016_1114_1233,0.895306979328
2016_1114_1234,0.606505574077
2016_1114_1235,0.053655465130599996
2016_1114_1242,0.00164860241819
2016_1114_1246,0.0731815964036
2016_1114_1268,0.19724548299800002
2016_1114_1274,0.00867937587976
2016_1114_1276,0.03451488096869999
2016_1114_1277,0.015140756444700003
2016_1114_1292,0.0471298647028
2016_1114_1314,0.010946017548799999
2016_1114_1320,0.412694709382
2016_1114_1323,0.811677949159
2016_1114_1328,0.0365595859276
2016_1114_1332,0.291056283937
2016_1114_1333,0.119348985541
2016_1114_1338,0.32656585377700004
2016_1114_1344,0.336955709981
2016_1114_1345,0.00486277683091
2016_1114_1355,0.801181979037
2016_1114_1371,0.00845074628686
2016_1114_1372,0.42013302318
2016_1114_1380,0.11882601125299999
2016_1114_1386,0.33450116684000003
2016_1114_1392,0.0429228120249
2016_1114_1393,0.0360537197002
2016_1114_1396,0.00463126932509
2016_1114_1400,0.0182666897946
2016_1114_1401,0.023014862254
2016_1114_1403,0.0195153810728
2016_1114_1409,0.0245077905688
2016_1114_1421,0.516034406799
2016_1114_1423,0.185116184916
2016_1114_1425,0.16667771571599999
2016_1114_1428,0.00530978772487
2016_1114_1433,0.0845083041399
2016_1114_1435,0.411942575285
2016_1114_1437,0.0331856267165
2016_1114_1438,0.010322366131
2016_1114_1451,0.334002916358
2016_1114_1452,0.165218800014
2016_1114_1453,0.59571441712
2016_1114_1455,0.189122766435
2016_1114_1458,0.113704590981
2016_1114_1462,0.142196654899
2016_1114_1463,0.231889908152
2016_1122_1124,1e-06
2016_1122_1138,1.1070018382e-06
2016_1122_1139,1e-06
2016_1122_1143,1e-06
2016_1122_1151,0.0004927823387559999
2016_1122_1153,1e-06
2016_1122_1160,1e-06
2016_1122_1163,1e-06
2016_1122_1167,1e-06
2016_1122_1173,1e-06
2016_1122_1181,1e-06
2016_1122_1192,2.33067591573e-06
2016_1122_1195,1.16949884665e-06
2016_1122_1201,1e-06
2016_1122_1211,1e-06
2016_1122_1214,1e-06
2016_1122_1218,3.38314912261e-06
2016_1122_1221,1e-06
2016_1122_1231,1e-06
2016_1122_1233,1e-06
2016_1122_1234,1.16641211891e-06
2016_1122_1235,1e-06
2016_1122_1242,1e-06
2016_1122_1246,1e-06
2016_1122_1268,1e-06
2016_1122_1274,1e-06
2016_1122_1276,1e-06
2016_1122_1277,1e-06
2016_1122_1292,1e-06
2016_1122_1314,1e-06
2016_1122_1320,5.06639658893e-06
2016_1122_1323,1e-06
2016_1122_1328,1e-06
2016_1122_1332,1e-06
2016_1122_1333,1e-06
2016_1122_1338,1e-06
2016_1122_1344,1e-06
2016_1122_1345,1e-06
2016_1122_1355,2.21436700632e-06
2016_1122_1371,1e-06
2016_1122_1372,3.19125567509e-05
2016_1122_1380,1e-06
2016_1122_1386,1e-06
2016_1122_1392,1.08919364708e-06
2016_1122_1393,1e-06
2016_1122_1396,1e-06
2016_1122_1400,1e-06
2016_1122_1401,1e-06
2016_1122_1403,1e-06
2016_1122_1409,1e-06
2016_1122_1421,1e-06
2016_1122_1423,1e-06
2016_1122_1425,1e-06
2016_1122_1428,1e-06
2016_1122_1433,1e-06
2016_1122_1435,1e-06
2016_1122_1437,1e-06
2016_1122_1438,1e-06
2016_1122_1451,1e-06
2016_1122_1452,1e-06
2016_1122_1453,1e-06
2016_1122_1455,1e-06
2016_1122_1458,1e-06
2016_1122_1462,1e-06
2016_1122_1463,1e-06
2016_1124_1138,0.9426395368330001
2016_1124_1139,0.0576373618293
2016_1124_1143,0.652709146032
2016_1124_1151,0.727775963776
2016_1124_1153,0.876502124507
2016_1124_1160,0.647514237923
2016_1124_1163,0.19491283675700002
2016_1124_1167,0.902400694146
2016_1124_1173,0.613667540039
2016_1124_1181,0.344650899277
2016_1124_1192,0.848993525439
2016_1124_1195,0.7763524706039999
2016_1124_1201,0.34109945467299996
2016_1124_1211,0.147032217271
2016_1124_1214,0.930357770395
2016_1124_1218,0.346537148116
2016_1124_1221,0.209540953899
2016_1124_1231,0.0423272172452
2016_1124_1233,0.7224306377799999
2016_1124_1234,0.678474580448
2016_1124_1235,0.325285022298
2016_1124_1242,0.016545817961899998
2016_1124_1246,0.307244050331
2016_1124_1268,0.253629657419
2016_1124_1274,0.0453037200941
2016_1124_1276,0.21400045642299997
2016_1124_1277,0.181889493825
2016_1124_1292,0.36361768149000007
2016_1124_1314,0.0876472196084
2016_1124_1320,0.606418767551
2016_1124_1323,0.642016827659
2016_1124_1328,0.7866821723540001
2016_1124_1332,0.514194610691
2016_1124_1333,0.582279879199
2016_1124_1338,0.185547181798
2016_1124_1344,0.745630153361
2016_1124_1345,0.36757424047700005
2016_1124_1355,0.9884627867560001
2016_1124_1371,0.396259328908
2016_1124_1372,0.728764037746
2016_1124_1380,0.684015391569
2016_1124_1386,0.679224119118
2016_1124_1392,0.961914750877
2016_1124_1393,0.59147426835
2016_1124_1396,0.505751673068
2016_1124_1400,0.317607965239
2016_1124_1401,0.106295512016
2016_1124_1403,0.694997203966
2016_1124_1409,0.6313257650680001
2016_1124_1421,0.993941944389
2016_1124_1423,0.637032873081
2016_1124_1425,0.7791522801299999
2016_1124_1428,0.14363601248400001
2016_1124_1433,0.862607643852
2016_1124_1435,0.678955228195
2016_1124_1437,0.154762837745
2016_1124_1438,0.783721381324
2016_1124_1451,0.926803918309
2016_1124_1452,0.250388100066
2016_1124_1453,0.862505800776
2016_1124_1455,0.237931453193
2016_1124_1458,0.316588123777
2016_1124_1462,0.40624539678599997
2016_1124_1463,0.7097798896100002
2016_1138_1139,1.67554675395e-05
2016_1138_1143,9.69066992742e-06
2016_1138_1151,0.00045664553611100004
2016_1138_1153,2.07691500377e-05
2016_1138_1160,1.60232210733e-05
2016_1138_1163,1.76104411083e-05
2016_1138_1167,9.24686425743e-05
2016_1138_1173,2.24743961498e-05
2016_1138_1181,1e-06
2016_1138_1192,0.00398351175636
2016_1138_1195,0.0009484801605830002
2016_1138_1201,6.15316019847e-06
2016_1138_1211,2.60494007655e-06
2016_1138_1214,0.00019632574721299999
2016_1138_1218,1.12493256952e-05
2016_1138_1221,1.18527756856e-05
2016_1138_1231,1e-06
2016_1138_1233,2.26554554811e-05
2016_1138_1234,9.26370154037e-05
2016_1138_1235,1e-06
2016_1138_1242,1e-06
2016_1138_1246,1.49691598607e-06
2016_1138_1268,1.18788196062e-05
2016_1138_1274,1e-06
2016_1138_1276,1.31088331383e-06
2016_1138_1277,2.00269229872e-06
2016_1138_1292,5.3767625141599995e-06
2016_1138_1314,1e-06
2016_1138_1320,1.81360395151e-05
2016_1138_1323,0.00010064235595999999
2016_1138_1328,1e-06
2016_1138_1332,1.44034999692e-05
2016_1138_1333,0.000160689296038
2016_1138_1338,1.07863238864e-05
2016_1138_1344,1.07898857844e-05
2016_1138_1345,1e-06
2016_1138_1355,8.2929619137e-06
2016_1138_1371,3.35000362631e-06
2016_1138_1372,4.27974812261e-05
2016_1138_1380,5.2964010032599995e-06
2016_1138_1386,4.47735109674e-05
2016_1138_1392,3.0979643426999997e-05
2016_1138_1393,9.08748386658e-06
2016_1138_1396,1e-06
2016_1138_1400,1e-06
2016_1138_1401,3.34414035775e-06
2016_1138_1403,1.53845288394e-05
2016_1138_1409,2.0206553870099997e-06
2016_1138_1421,0.000196945436189
2016_1138_1423,1.45502532111e-05
2016_1138_1425,5.04706628668e-06
2016_1138_1428,1.26967017118e-06
2016_1138_1433,1e-06
2016_1138_1435,4.35104759038e-05
2016_1138_1437,2.82707361219e-06
2016_1138_1438,3.76543018696e-06
2016_1138_1451,2.88210418765e-05
2016_1138_1452,1.23631429546e-05
2016_1138_1453,4.61019346815e-05
2016_1138_1455,5.015462289280001e-06
2016_1138_1458,5.35284119557e-06
2016_1138_1462,4.84801593848e-06
2016_1138_1463,6.39974990763e-06
2016_1139_1143,0.452559064766
2016_1139_1151,0.878357136444
2016_1139_1153,0.848619913539
2016_1139_1160,0.7778675619959999
2016_1139_1163,0.35243949863000007
2016_1139_1167,0.7885157975679999
2016_1139_1173,0.8889560016920001
2016_1139_1181,0.135200660364
2016_1139_1192,0.938470268352
2016_1139_1195,0.937730083662
2016_1139_1201,0.320736865417
2016_1139_1211,0.220210544403
2016_1139_1214,0.8273644339759999
2016_1139_1218,0.558638876212
2016_1139_1221,0.479941139705
2016_1139_1231,0.136559536561
2016_1139_1233,0.942219947624
2016_1139_1234,0.9765686748610001
2016_1139_1235,0.943218709931
2016_1139_1242,0.0851393510557
2016_1139_1246,0.298827737887
2016_1139_1268,0.388432730235
2016_1139_1274,0.0987280079747
2016_1139_1276,0.48679804530599996
2016_1139_1277,0.542216484413
2016_1139_1292,0.208494504303
2016_1139_1314,0.08439946006169999
2016_1139_1320,0.191369335891
2016_1139_1323,0.463435343569
2016_1139_1328,0.125004131638
2016_1139_1332,0.614459661982
2016_1139_1333,0.7240983219939999
2016_1139_1338,0.448244908846
2016_1139_1344,0.313086033135
2016_1139_1345,0.0308898336338
2016_1139_1355,0.317586080198
2016_1139_1371,0.05968475619440001
2016_1139_1372,0.67538654568
2016_1139_1380,0.706228384724
2016_1139_1386,0.314501976924
2016_1139_1392,0.9623153393639999
2016_1139_1393,0.8009841348819999
2016_1139_1396,0.33963199302599995
2016_1139_1400,0.38990310545699997
2016_1139_1401,0.20503434829300002
2016_1139_1403,0.860493164181
2016_1139_1409,0.744992524774
2016_1139_1421,0.9902968547319999
2016_1139_1423,0.895544025693
2016_1139_1425,0.897308602834
2016_1139_1428,0.176664203404
2016_1139_1433,0.741411445457
2016_1139_1435,0.633693011985
2016_1139_1437,0.211781727295
2016_1139_1438,0.837752953901
2016_1139_1451,0.708430773065
2016_1139_1452,0.143242759788
2016_1139_1453,0.948540541953
2016_1139_1455,0.31069542264100003
2016_1139_1458,0.768681912866
2016_1139_1462,0.616623923874
2016_1139_1463,0.881177923549
2016_1143_1151,0.9610177436830001
2016_1143_1153,0.761203167422
2016_1143_1160,0.815602515534
2016_1143_1163,0.373776941819
2016_1143_1167,0.9079946802009999
2016_1143_1173,0.317290243792
2016_1143_1181,0.126325777759
2016_1143_1192,0.999999
2016_1143_1195,0.900347168337
2016_1143_1201,0.460417806698
2016_1143_1211,0.09625657573589999
2016_1143_1214,0.966912297763
2016_1143_1218,0.370543602339
2016_1143_1221,0.662100490547
2016_1143_1231,0.028084101785400002
2016_1143_1233,0.6980854483769999
2016_1143_1234,0.771462001979
2016_1143_1235,0.245044461468
2016_1143_1242,0.058913325385699995
2016_1143_1246,0.15567581917099999
2016_1143_1268,0.32977540219900003
2016_1143_1274,0.0573126027491
2016_1143_1276,0.344662596367
2016_1143_1277,0.344099172883
2016_1143_1292,0.305530828531
2016_1143_1314,0.599331291714
2016_1143_1320,0.634986577605
2016_1143_1323,0.867380865172
2016_1143_1328,0.40640968643500003
2016_1143_1332,0.633001249918
2016_1143_1333,0.938330115164
2016_1143_1338,0.467844996721
2016_1143_1344,0.652847212881
2016_1143_1345,0.459967941088
2016_1143_1355,0.968079394454
2016_1143_1371,0.27937747921
2016_1143_1372,0.843119779288
2016_1143_1380,0.8612785304680001
2016_1143_1386,0.6104589120939999
2016_1143_1392,0.957908699279
2016_1143_1393,0.764874492045
2016_1143_1396,0.38271997024099996
2016_1143_1400,0.388367412285
2016_1143_1401,0.222770586281
2016_1143_1403,0.963111384751
2016_1143_1409,0.576319321491
2016_1143_1421,0.990499845591
2016_1143_1423,0.31139586525699997
2016_1143_1425,0.786517485804
2016_1143_1428,0.348947524877
2016_1143_1433,0.787459565999
2016_1143_1435,0.9462293607200001
2016_1143_1437,0.227139502787
2016_1143_1438,0.728623617174
2016_1143_1451,0.9042004359010001
2016_1143_1452,0.714891835316
2016_1143_1453,0.945612790662
2016_1143_1455,0.378415300774
2016_1143_1458,0.571369356963
2016_1143_1462,0.751969057714
2016_1143_1463,0.8748909396789999
2016_1151_1153,0.32751943069
2016_1151_1160,0.32860988557799997
2016_1151_1163,0.075876249338
2016_1151_1167,0.56348625545
2016_1151_1173,0.37550237069799997
2016_1151_1181,0.326799723983
2016_1151_1192,0.339442278184
2016_1151_1195,0.266676524107
2016_1151_1201,0.156038485832
2016_1151_1211,0.0478748276501
2016_1151_1214,0.5013383797609999
2016_1151_1218,0.214836374199
2016_1151_1221,0.14793151486199999
2016_1151_1231,0.0762665879219
2016_1151_1233,0.34745031363000006
2016_1151_1234,0.385499830853
2016_1151_1235,0.188869438505
2016_1151_1242,0.0395532942198
2016_1151_1246,0.153336566288
2016_1151_1268,0.35068034201700005
2016_1151_1274,0.0669523641108
2016_1151_1276,0.102384218817
2016_1151_1277,0.22325420633200002
2016_1151_1292,0.162772408296
2016_1151_1314,0.11116940384299999
2016_1151_1320,0.0850267781434
2016_1151_1323,0.19895927657499998
2016_1151_1328,0.110666652218
2016_1151_1332,0.510437411461
2016_1151_1333,0.21595528538800002
2016_1151_1338,0.14006725749600002
2016_1151_1344,0.638144635946
2016_1151_1345,0.0923480147746
2016_1151_1355,0.363362416011
2016_1151_1371,0.07843710818239999
2016_1151_1372,0.493075580605
2016_1151_1380,0.29711458122400003
2016_1151_1386,0.38860836175700003
2016_1151_1392,0.263990474378
2016_1151_1393,0.380176115322
2016_1151_1396,0.0679450358421
2016_1151_1400,0.06287716250389999
2016_1151_1401,0.0955683806267
2016_1151_1403,0.133705719334
2016_1151_1409,0.226743196659
2016_1151_1421,0.378600949878
2016_1151_1423,0.39033883531900004
2016_1151_1425,0.38155352258599995
2016_1151_1428,0.048794512263900004
2016_1151_1433,0.44647644746699994
2016_1151_1435,0.31398219739300004
2016_1151_1437,0.240227747301
2016_1151_1438,0.060318141151900005
2016_1151_1451,0.8947466019329999
2016_1151_1452,0.288607813524
2016_1151_1453,0.43821901561300003
2016_1151_1455,0.434733530326
2016_1151_1458,0.0366509175394
2016_1151_1462,0.368544947267
2016_1151_1463,0.24383674625
2016_1153_1160,0.8573724277310001
2016_1153_1163,0.608076326279
2016_1153_1167,0.964384475928
2016_1153_1173,0.401616009507
2016_1153_1181,0.0888298808791
2016_1153_1192,0.999999
2016_1153_1195,0.98981518391
2016_1153_1201,0.951013549933
2016_1153_1211,0.0497449866204
2016_1153_1214,0.999999
2016_1153_1218,0.214491019049
2016_1153_1221,0.969696939461
2016_1153_1231,0.021591075094900002
2016_1153_1233,0.905874319226
2016_1153_1234,0.24193652647
2016_1153_1235,0.275878466834
2016_1153_1242,0.010295471225600001
2016_1153_1246,0.050472410837400006
2016_1153_1268,0.321881986154
2016_1153_1274,0.024425651503
2016_1153_1276,0.36887524431999996
2016_1153_1277,0.11030650040300001
2016_1153_1292,0.575293164948
2016_1153_1314,0.00261882674231
2016_1153_1320,0.903699979773
2016_1153_1323,0.7711920502240001
2016_1153_1328,0.0133557494387
2016_1153_1332,0.490384302865
2016_1153_1333,0.732736275462
2016_1153_1338,0.528821759132
2016_1153_1344,0.743535235376
2016_1153_1345,0.035209978491
2016_1153_1355,0.941276008602
2016_1153_1371,0.06842286169480001
2016_1153_1372,0.8555758391399999
2016_1153_1380,0.96679315923
2016_1153_1386,0.434711973468
2016_1153_1392,0.9442361009639999
2016_1153_1393,0.718267561922
2016_1153_1396,0.322132957037
2016_1153_1400,0.57374389016
2016_1153_1401,0.3081079795
2016_1153_1403,0.636783412833
2016_1153_1409,0.645421671146
2016_1153_1421,0.999999
2016_1153_1423,0.7334798230149999
2016_1153_1425,0.37172274138800004
2016_1153_1428,0.337964354129
2016_1153_1433,0.28921780964099997
2016_1153_1435,0.891343740361
2016_1153_1437,0.147588496329
2016_1153_1438,0.5728472700339999
2016_1153_1451,0.973730818214
2016_1153_1452,0.755799556773
2016_1153_1453,0.962726835624
2016_1153_1455,0.8840112800040001
2016_1153_1458,0.627320312659
2016_1153_1462,0.456827293856
2016_1153_1463,0.779135798023
2016_1160_1163,0.40400356236699997
2016_1160_1167,0.640851402657
2016_1160_1173,0.44245558467699997
2016_1160_1181,0.0284799720898
2016_1160_1192,0.765437271267
2016_1160_1195,0.735558164307
2016_1160_1201,0.390793132453
2016_1160_1211,0.01368873497
2016_1160_1214,0.86573671494
2016_1160_1218,0.21657651836
2016_1160_1221,0.337754274003
2016_1160_1231,0.0231579016689
2016_1160_1233,0.435738239414
2016_1160_1234,0.556150958715
2016_1160_1235,0.26278627071800004
2016_1160_1242,0.020840573306
2016_1160_1246,0.102729140066
2016_1160_1268,0.339363621943
2016_1160_1274,0.0468477152377
2016_1160_1276,0.229697027694
2016_1160_1277,0.110168034011
2016_1160_1292,0.0847218363617
2016_1160_1314,0.00788161160859
2016_1160_1320,0.394316618126
2016_1160_1323,0.6779099965909999
2016_1160_1328,0.014704535974999999
2016_1160_1332,0.567235361337
2016_1160_1333,0.606691709247
2016_1160_1338,0.5520853744349999
2016_1160_1344,0.329426967402
2016_1160_1345,0.047135399368699996
2016_1160_1355,0.24271151468600002
2016_1160_1371,0.220459018916
2016_1160_1372,0.8948794092010001
2016_1160_1380,0.591630206886
2016_1160_1386,0.489777448068
2016_1160_1392,0.626914162093
2016_1160_1393,0.5056373815899999
2016_1160_1396,0.23300942941799999
2016_1160_1400,0.311725142841
2016_1160_1401,0.229708483228
2016_1160_1403,0.741874113817
2016_1160_1409,0.367050833971
2016_1160_1421,0.909030494645
2016_1160_1423,0.525364052186
2016_1160_1425,0.710200114064
2016_1160_1428,0.333151853993
2016_1160_1433,0.449291330651
2016_1160_1435,0.44066018274400004
2016_1160_1437,0.182355480383
2016_1160_1438,0.525593760585
2016_1160_1451,0.8161134565710001
2016_1160_1452,0.461394550757
2016_1160_1453,0.283745843566
2016_1160_1455,0.478446949919
2016_1160_1458,0.769536899603
2016_1160_1462,0.20476805157900002
2016_1160_1463,0.490500629006
2016_1163_1167,0.40751976109899996
2016_1163_1173,0.392150160514
2016_1163_1181,0.025880180926799997
2016_1163_1192,0.5982075400060001
2016_1163_1195,0.20791551123799998
2016_1163_1201,0.225106145048
2016_1163_1211,0.0055474435891099995
2016_1163_1214,0.5502240710549999
2016_1163_1218,0.0797091495524
2016_1163_1221,0.224149265874
2016_1163_1231,0.0117242826455
2016_1163_1233,0.140393119756
2016_1163_1234,0.20936399221500002
2016_1163_1235,0.0622381310193
2016_1163_1242,0.0068228207625299995
2016_1163_1246,0.0323267568436
2016_1163_1268,0.241415300182
2016_1163_1274,0.025997657589599998
2016_1163_1276,0.10316680325099999
2016_1163_1277,0.033542333360799995
2016_1163_1292,0.0396704249073
2016_1163_1314,0.00351029476189
2016_1163_1320,0.34172866992600004
2016_1163_1323,0.197865705449
2016_1163_1328,0.007669901610409999
2016_1163_1332,0.272483086792
2016_1163_1333,0.420132332399
2016_1163_1338,0.438171609285
2016_1163_1344,0.491144729044
2016_1163_1345,0.03572494818619999
2016_1163_1355,0.144685312083
2016_1163_1371,0.0253355032301
2016_1163_1372,0.216001353327
2016_1163_1380,0.358763602233
2016_1163_1386,0.16383874236999998
2016_1163_1392,0.44351522239600005
2016_1163_1393,0.529535429408
2016_1163_1396,0.257904517816
2016_1163_1400,0.23193544830600002
2016_1163_1401,0.16824436454
2016_1163_1403,0.5140732212610001
2016_1163_1409,0.26514858458
2016_1163_1421,0.9329268248899999
2016_1163_1423,0.27717568265000003
2016_1163_1425,0.222375669102
2016_1163_1428,0.191596457267
2016_1163_1433,0.218278905298
2016_1163_1435,0.170667825783
2016_1163_1437,0.20301084492899998
2016_1163_1438,0.303795170434
2016_1163_1451,0.65090248585
2016_1163_1452,0.180717365328
2016_1163_1453,0.0680086783184
2016_1163_1455,0.451591303603
2016_1163_1458,0.296204048908
2016_1163_1462,0.106220611777
2016_1163_1463,0.147568322121
2016_1167_1173,0.08234206861610001
2016_1167_1181,0.0324404432616
2016_1167_1192,0.590772847743
2016_1167_1195,0.602279503653
2016_1167_1201,0.057853465193400004
2016_1167_1211,0.00647212461289
2016_1167_1214,0.486239490587
2016_1167_1218,0.15192114353800001
2016_1167_1221,0.0188279779722
2016_1167_1231,0.0028179607469400003
2016_1167_1233,0.28572449624699997
2016_1167_1234,0.35861770158699996
2016_1167_1235,0.0054132696274700005
2016_1167_1242,0.00302620386937
2016_1167_1246,0.0464838864329
2016_1167_1268,0.302836190349
2016_1167_1274,0.030289821380599997
2016_1167_1276,0.039758981729800004
2016_1167_1277,0.0359812041335
2016_1167_1292,0.0306292226436
2016_1167_1314,0.00396619782784
2016_1167_1320,0.21297260262499998
2016_1167_1323,0.40044867884999996
2016_1167_1328,0.048055075685599996
2016_1167_1332,0.507267123703
2016_1167_1333,0.214917969258
2016_1167_1338,0.14018311864299998
2016_1167_1344,0.19836333815200002
2016_1167_1345,0.0162583797629
2016_1167_1355,0.5328411169389999
2016_1167_1371,0.056188375688500006
2016_1167_1372,0.372521540298
2016_1167_1380,0.049866649485999996
2016_1167_1386,0.578473072043
2016_1167_1392,0.176878999389
2016_1167_1393,0.07516484230260001
2016_1167_1396,0.027176703764999997
2016_1167_1400,0.00607158076536
2016_1167_1401,0.0507659454749
2016_1167_1403,0.107464547979
2016_1167_1409,0.0295549686846
2016_1167_1421,0.64139925784
2016_1167_1423,0.164960704579
2016_1167_1425,0.0865734956072
2016_1167_1428,0.00348368297249
2016_1167_1433,0.021573242064
2016_1167_1435,0.0696713885805
2016_1167_1437,0.00940892743605
2016_1167_1438,0.0092781062788
2016_1167_1451,0.278448132829
2016_1167_1452,0.104758845032
2016_1167_1453,0.207090558295
2016_1167_1455,0.07528301480260001
2016_1167_1458,0.023021568327799998
2016_1167_1462,0.042590267091499996
2016_1167_1463,0.008276990722520002
2016_1173_1181,0.397422511373
2016_1173_1192,0.8608188077750001
2016_1173_1195,0.954545994838
2016_1173_1201,0.548491927224
2016_1173_1211,0.00670153580576
2016_1173_1214,0.9024875818610001
2016_1173_1218,0.176911598946
2016_1173_1221,0.514364716262
2016_1173_1231,0.00958659262691
2016_1173_1233,0.7618360701160001
2016_1173_1234,0.586241360886
2016_1173_1235,0.157936070142
2016_1173_1242,0.0137428892786
2016_1173_1246,0.156404211494
2016_1173_1268,0.435735046372
2016_1173_1274,0.043397507523600005
2016_1173_1276,0.209637892732
2016_1173_1277,0.137063269599
2016_1173_1292,0.09623912888419998
2016_1173_1314,0.037826275788
2016_1173_1320,0.717446748036
2016_1173_1323,0.930781108403
2016_1173_1328,0.112020421721
2016_1173_1332,0.8382371487639999
2016_1173_1333,0.612939703129
2016_1173_1338,0.743017700815
2016_1173_1344,0.503228833302
2016_1173_1345,0.040918176184900006
2016_1173_1355,0.999999
2016_1173_1371,0.323729179273
2016_1173_1372,0.830679886427
2016_1173_1380,0.7769631306479999
2016_1173_1386,0.853665565318
2016_1173_1392,0.628043817538
2016_1173_1393,0.408650747174
2016_1173_1396,0.459759547108
2016_1173_1400,0.562538883045
2016_1173_1401,0.312308468796
2016_1173_1403,0.47661027838
2016_1173_1409,0.42363313564599997
2016_1173_1421,0.999999
2016_1173_1423,0.46874333513000005
2016_1173_1425,0.660179754313
2016_1173_1428,0.324428836846
2016_1173_1433,0.168258740158
2016_1173_1435,0.569148443334
2016_1173_1437,0.322195171675
2016_1173_1438,0.502811393389
2016_1173_1451,0.5189930696149999
2016_1173_1452,0.660126068764
2016_1173_1453,0.813650524754
2016_1173_1455,0.29788402773899997
2016_1173_1458,0.535426034973
2016_1173_1462,0.685049395277
2016_1173_1463,0.35060038487899997
2016_1181_1192,0.999999
2016_1181_1195,0.918582749588
2016_1181_1201,0.5871079109699999
2016_1181_1211,0.0936352971153
2016_1181_1214,0.8764790724220001
2016_1181_1218,0.38649126630999997
2016_1181_1221,0.579214283932
2016_1181_1231,0.187624642359
2016_1181_1233,0.870847836645
2016_1181_1234,0.660527681518
2016_1181_1235,0.200957800353
2016_1181_1242,0.0535562136486
2016_1181_1246,0.20540848240600001
2016_1181_1268,0.290336886154
2016_1181_1274,0.116254106259
2016_1181_1276,0.431692874795
2016_1181_1277,0.458160144345
2016_1181_1292,0.19111671372900002
2016_1181_1314,0.6766151400229999
2016_1181_1320,0.291748481204
2016_1181_1323,0.789721491095
2016_1181_1328,0.580315784424
2016_1181_1332,0.7427872295260001
2016_1181_1333,0.9672735718880001
2016_1181_1338,0.420963311476
2016_1181_1344,0.663667556248
2016_1181_1345,0.398025982173
2016_1181_1355,0.915816387479
2016_1181_1371,0.418970687556
2016_1181_1372,0.686995104508
2016_1181_1380,0.836385893879
2016_1181_1386,0.498575800676
2016_1181_1392,0.9050574943999999
2016_1181_1393,0.758992360168
2016_1181_1396,0.41647815009000005
2016_1181_1400,0.37977822579400006
2016_1181_1401,0.328543715556
2016_1181_1403,0.9412609425120001
2016_1181_1409,0.7011779053120001
2016_1181_1421,0.985886457606
2016_1181_1423,0.482342781372
2016_1181_1425,0.794189479736
2016_1181_1428,0.457230259839
2016_1181_1433,0.7401651418240001
2016_1181_1435,0.9696499022730001
2016_1181_1437,0.35540757861
2016_1181_1438,0.760061147137
2016_1181_1451,0.9220874556149999
2016_1181_1452,0.837907808406
2016_1181_1453,0.9484782700229999
2016_1181_1455,0.457686155955
2016_1181_1458,0.39006456989699995
2016_1181_1462,0.8503094595180001
2016_1181_1463,0.7693677246539999
2016_1192_1195,1.77343852225e-05
2016_1192_1201,1e-06
2016_1192_1211,1e-06
2016_1192_1214,1.62055658669e-05
2016_1192_1218,2.38299379497e-06
2016_1192_1221,1.75295632045e-06
2016_1192_1231,1e-06
2016_1192_1233,1e-06
2016_1192_1234,1.04172979513e-06
2016_1192_1235,1e-06
2016_1192_1242,1e-06
2016_1192_1246,1e-06
2016_1192_1268,1e-06
2016_1192_1274,1e-06
2016_1192_1276,1e-06
2016_1192_1277,1e-06
2016_1192_1292,1e-06
2016_1192_1314,1e-06
2016_1192_1320,2.68866844088e-06
2016_1192_1323,1.00919042474e-06
2016_1192_1328,1e-06
2016_1192_1332,1e-06
2016_1192_1333,1.54258858717e-06
2016_1192_1338,1e-06
2016_1192_1344,1.1055319556100001e-06
2016_1192_1345,1e-06
2016_1192_1355,2.93091879789e-06
2016_1192_1371,1e-06
2016_1192_1372,5.39735485967e-06
2016_1192_1380,1.68062390596e-06
2016_1192_1386,1.47396519818e-06
2016_1192_1392,3.21445051771e-06
2016_1192_1393,1e-06
2016_1192_1396,1e-06
2016_1192_1400,1e-06
2016_1192_1401,1e-06
2016_1192_1403,1e-06
2016_1192_1409,1e-06
2016_1192_1421,1.49022706924e-06
2016_1192_1423,1e-06
2016_1192_1425,1e-06
2016_1192_1428,1e-06
2016_1192_1433,1e-06
2016_1192_1435,1e-06
2016_1192_1437,1e-06
2016_1192_1438,1e-06
2016_1192_1451,4.7451815397900005e-06
2016_1192_1452,1e-06
2016_1192_1453,1e-06
2016_1192_1455,1e-06
2016_1192_1458,1e-06
2016_1192_1462,1e-06
2016_1192_1463,1e-06
2016_1195_1201,0.0027771000836500003
2016_1195_1211,1e-06
2016_1195_1214,1.8368725736099997e-06
2016_1195_1218,1e-06
2016_1195_1221,1e-06
2016_1195_1231,2.63218342759e-05
2016_1195_1233,1e-06
2016_1195_1234,1e-06
2016_1195_1235,1.09288917763e-05
2016_1195_1242,1e-06
2016_1195_1246,1e-06
2016_1195_1268,1e-06
2016_1195_1274,1e-06
2016_1195_1276,0.000515351335435
2016_1195_1277,1e-06
2016_1195_1292,0.00210222998583
2016_1195_1314,1.25385958464e-06
2016_1195_1320,0.009562457274100001
2016_1195_1323,1e-06
2016_1195_1328,1e-06
2016_1195_1332,1e-06
2016_1195_1333,1e-06
2016_1195_1338,1e-06
2016_1195_1344,1e-06
2016_1195_1345,0.000151203907033
2016_1195_1355,1e-06
2016_1195_1371,1e-06
2016_1195_1372,1.60957675313e-06
2016_1195_1380,0.0041487745308400005
2016_1195_1386,1e-06
2016_1195_1392,1e-06
2016_1195_1393,1e-06
2016_1195_1396,1e-06
2016_1195_1400,2.65201338139e-05
2016_1195_1401,0.000165208634633
2016_1195_1403,1e-06
2016_1195_1409,0.000136467171716
2016_1195_1421,1e-06
2016_1195_1423,0.00189061598604
2016_1195_1425,1e-06
2016_1195_1428,2.05889169205e-05
2016_1195_1433,1e-06
2016_1195_1435,1e-06
2016_1195_1437,1e-06
2016_1195_1438,1e-06
2016_1195_1451,1e-06
2016_1195_1452,1e-06
2016_1195_1453,0.00021983815214800001
2016_1195_1455,1e-06
2016_1195_1458,1e-06
2016_1195_1462,1e-06
2016_1195_1463,1e-06
2016_1201_1211,0.0520710765699
2016_1201_1214,0.720832976407
2016_1201_1218,0.254792755066
2016_1201_1221,0.09018999025350001
2016_1201_1231,0.0108370260736
2016_1201_1233,0.23060156385299999
2016_1201_1234,0.407392538898
2016_1201_1235,0.020017311085900002
2016_1201_1242,0.00814261505011
2016_1201_1246,0.0454671244261
2016_1201_1268,0.40040175517
2016_1201_1274,0.054273174304
2016_1201_1276,0.0631878514837
2016_1201_1277,0.043226473784499994
2016_1201_1292,0.0913280057788
2016_1201_1314,0.0037031749798600005
2016_1201_1320,0.457002495934
2016_1201_1323,0.484159122346
2016_1201_1328,0.009802652303489999
2016_1201_1332,0.49608127439599997
2016_1201_1333,0.257391151607
2016_1201_1338,0.296282554131
2016_1201_1344,0.399656955135
2016_1201_1345,0.06679559939310001
2016_1201_1355,0.729206115473
2016_1201_1371,0.17072662810199998
2016_1201_1372,0.634557204229
2016_1201_1380,0.17593856428500002
2016_1201_1386,0.280418834421
2016_1201_1392,0.184754579598
2016_1201_1393,0.119064896615
2016_1201_1396,0.0796891406199
2016_1201_1400,0.0475637204907
2016_1201_1401,0.15656244056500002
2016_1201_1403,0.07971279366169999
2016_1201_1409,0.0672022628574
2016_1201_1421,0.8552786426819999
2016_1201_1423,0.245267162342
2016_1201_1425,0.0538894364791
2016_1201_1428,0.07119869834789999
2016_1201_1433,0.041849849492099994
2016_1201_1435,0.291826027931
2016_1201_1437,0.0509477847138
2016_1201_1438,0.0626041089804
2016_1201_1451,0.230513269921
2016_1201_1452,0.16741827400999998
2016_1201_1453,0.021208494378299997
2016_1201_1455,0.10030647669500001
2016_1201_1458,0.0626307920157
2016_1201_1462,0.055366837697900004
2016_1201_1463,0.0465300276159
2016_1211_1214,0.802283636591
2016_1211_1218,0.181151442881
2016_1211_1221,0.29349753230000003
2016_1211_1231,0.00827536078513
2016_1211_1233,0.421362056539
2016_1211_1234,0.112048598522
2016_1211_1235,0.0437052030498
2016_1211_1242,0.00207222567912
2016_1211_1246,0.0127870473622
2016_1211_1268,0.064569947027
2016_1211_1274,0.011803455832
2016_1211_1276,0.10738231648800001
2016_1211_1277,0.0386889773968
2016_1211_1292,0.210557182252
2016_1211_1314,0.0075129179900900005
2016_1211_1320,0.25687849677700003
2016_1211_1323,0.06946627488760002
2016_1211_1328,0.0280020005951
2016_1211_1332,0.0909341459829
2016_1211_1333,0.152507701551
2016_1211_1338,0.24175789588000005
2016_1211_1344,0.157624793929
2016_1211_1345,0.011256909768299999
2016_1211_1355,0.558288146551
2016_1211_1371,0.012872206158
2016_1211_1372,0.330716506903
2016_1211_1380,0.5449559993850001
2016_1211_1386,0.130545220122
2016_1211_1392,0.300387703254
2016_1211_1393,0.244816736438
2016_1211_1396,0.0397212947406
2016_1211_1400,0.021973972661999998
2016_1211_1401,0.0137671567772
2016_1211_1403,0.071112358545
2016_1211_1409,0.168188506231
2016_1211_1421,0.7987447986480001
2016_1211_1423,0.342887915278
2016_1211_1425,0.155573856142
2016_1211_1428,0.057811053278400006
2016_1211_1433,0.491044335181
2016_1211_1435,0.34181205559600003
2016_1211_1437,0.0571013220919
2016_1211_1438,0.21770540728100002
2016_1211_1451,0.917017980204
2016_1211_1452,0.029289456305400002
2016_1211_1453,0.803229776662
2016_1211_1455,0.254523415047
2016_1211_1458,0.145547245744
2016_1211_1462,0.13592787683
2016_1211_1463,0.385040774255
2016_1214_1218,0.00289062816673
2016_1214_1221,0.00811125962283
2016_1214_1231,4.47818851735e-05
2016_1214_1233,0.00737734565377
2016_1214_1234,0.012117539046499998
2016_1214_1235,8.853620895799999e-05
2016_1214_1242,1.64410575331e-05
2016_1214_1246,0.000525477706828
2016_1214_1268,0.0035258140955599995
2016_1214_1274,0.00010755704379799999
2016_1214_1276,0.00138120421164
2016_1214_1277,0.00010309698549200002
2016_1214_1292,0.00524181861776
2016_1214_1314,1.5812876202e-06
2016_1214_1320,0.010995848288
2016_1214_1323,0.00742814691756
2016_1214_1328,4.26599145843e-06
2016_1214_1332,0.0025651113093400004
2016_1214_1333,0.0571128330405
2016_1214_1338,0.0201895719865
2016_1214_1344,0.00585657726879
2016_1214_1345,0.000232537338412
2016_1214_1355,0.00966597474747
2016_1214_1371,0.000949288997372
2016_1214_1372,0.0752005306601
2016_1214_1380,0.014815871621700002
2016_1214_1386,0.00928915159831
2016_1214_1392,0.012103082346700001
2016_1214_1393,0.008600338557229999
2016_1214_1396,0.00060745568654
2016_1214_1400,0.000315453648581
2016_1214_1401,0.0006243600186669999
2016_1214_1403,0.0230367143828
2016_1214_1409,0.0003785645627
2016_1214_1421,0.0159573820015
2016_1214_1423,0.000975564363003
2016_1214_1425,0.000268989601248
2016_1214_1428,7.24593574876e-05
2016_1214_1433,0.0008769400516110001
2016_1214_1435,0.00775830770152
2016_1214_1437,9.13391796391e-05
2016_1214_1438,8.70027463078e-05
2016_1214_1451,0.0200845638094
2016_1214_1452,0.00035106792470399994
2016_1214_1453,0.00272594027757
2016_1214_1455,0.005447869987239999
2016_1214_1458,0.007008271420869999
2016_1214_1462,0.00014672203389200003
2016_1214_1463,0.00338515586857
2016_1218_1221,0.44652488665299994
2016_1218_1231,0.00169960657477
2016_1218_1233,0.00572037143856
2016_1218_1234,0.0977119224058
2016_1218_1235,1.00619463205e-05
2016_1218_1242,0.00142090391333
2016_1218_1246,0.00248206800777
2016_1218_1268,0.652677164768
2016_1218_1274,0.0350126821223
2016_1218_1276,0.0471870170752
2016_1218_1277,0.00841782922419
2016_1218_1292,0.06760108187559999
2016_1218_1314,0.000286339518697
2016_1218_1320,0.557643973572
2016_1218_1323,0.439721436975
2016_1218_1328,0.00279838209631
2016_1218_1332,0.163793579837
2016_1218_1333,0.210522488262
2016_1218_1338,0.985812245738
2016_1218_1344,0.0166629157215
2016_1218_1345,0.00849550409168
2016_1218_1355,0.0327284404819
2016_1218_1371,0.0039891335728600005
2016_1218_1372,0.995216877237
2016_1218_1380,0.0535648371545
2016_1218_1386,0.08712355405480002
2016_1218_1392,0.9459660416060001
2016_1218_1393,0.009123934456209999
2016_1218_1396,0.00873011915341
2016_1218_1400,0.0166897036984
2016_1218_1401,0.00207684237643
2016_1218_1403,0.369713575709
2016_1218_1409,0.00368084206727
2016_1218_1421,0.000612499135345
2016_1218_1423,0.0284170478003
2016_1218_1425,0.0129238505915
2016_1218_1428,0.029789408634599997
2016_1218_1433,0.000962362822975
2016_1218_1435,0.0980307440226
2016_1218_1437,0.0009574317390549999
2016_1218_1438,0.703481646019
2016_1218_1451,0.07175132381410002
2016_1218_1452,0.059115630872900005
2016_1218_1453,7.95549656731e-05
2016_1218_1455,0.17782757048700001
2016_1218_1458,0.659290529297
2016_1218_1462,0.00516651573755
2016_1218_1463,0.8483051740530001
2016_1221_1231,0.00031443002880100003
2016_1221_1233,0.0278947723636
2016_1221_1234,0.116385296651
2016_1221_1235,0.0004552954714080001
2016_1221_1242,0.000323948870452
2016_1221_1246,0.0006762823461510001
2016_1221_1268,0.0118112366193
2016_1221_1274,0.00122753347341
2016_1221_1276,0.0569358855299
2016_1221_1277,0.000420733611839
2016_1221_1292,0.015105791207399999
2016_1221_1314,2.36716679724e-05
2016_1221_1320,0.125296247738
2016_1221_1323,0.0112746965186
2016_1221_1328,1.6772185504e-06
2016_1221_1332,0.00213491616876
2016_1221_1333,0.0167811215123
2016_1221_1338,0.744065269598
2016_1221_1344,0.004367066840350001
2016_1221_1345,0.000561993314032
2016_1221_1355,0.309666132401
2016_1221_1371,0.00493108275214
2016_1221_1372,0.885612568423
2016_1221_1380,0.0133788229859
2016_1221_1386,0.09350108777660002
2016_1221_1392,0.0510614650913
2016_1221_1393,0.00392051979974
2016_1221_1396,0.000933904771781
2016_1221_1400,0.00612640802532
2016_1221_1401,0.0030179381561500004
2016_1221_1403,0.08771956090060001
2016_1221_1409,0.012091577289400001
2016_1221_1421,0.025220862939
2016_1221_1423,0.0988899907708
2016_1221_1425,0.013402007616000002
2016_1221_1428,0.000537165516877
2016_1221_1433,0.00419133817536
2016_1221_1435,0.0120225264747
2016_1221_1437,0.00012333770761799998
2016_1221_1438,0.000367816168717
2016_1221_1451,0.240998176505
2016_1221_1452,0.0027359497017399995
2016_1221_1453,0.00500080005795
2016_1221_1455,0.00895154466935
2016_1221_1458,0.0065288339321200005
2016_1221_1462,2.9651000246999996e-05
2016_1221_1463,0.00789714262359
2016_1231_1233,0.8752673680419999
2016_1231_1234,0.378665109467
2016_1231_1235,0.277230876116
2016_1231_1242,0.0126751192223
2016_1231_1246,0.121436599822
2016_1231_1268,0.406227037905
2016_1231_1274,0.0603208868925
2016_1231_1276,0.402735836432
2016_1231_1277,0.265557147467
2016_1231_1292,0.398796409182
2016_1231_1314,0.0620500810433
2016_1231_1320,0.280360512282
2016_1231_1323,0.379316902443
2016_1231_1328,0.8312337744789999
2016_1231_1332,0.650049836289
2016_1231_1333,0.507067211488
2016_1231_1338,0.541633798065
2016_1231_1344,0.20265501112999998
2016_1231_1345,0.43186304272200005
2016_1231_1355,0.986169693158
2016_1231_1371,0.620843604504
2016_1231_1372,0.706613337923
2016_1231_1380,0.745567481438
2016_1231_1386,0.5859665550550001
2016_1231_1392,0.913792509881
2016_1231_1393,0.121602034265
2016_1231_1396,0.300367321337
2016_1231_1400,0.460574190372
2016_1231_1401,0.20698906340700002
2016_1231_1403,0.601747164148
2016_1231_1409,0.761077929132
2016_1231_1421,0.9700788841410001
2016_1231_1423,0.7832686795300001
2016_1231_1425,0.695295004477
2016_1231_1428,0.146712746874
2016_1231_1433,0.609687372106
2016_1231_1435,0.761594712325
2016_1231_1437,0.160872166982
2016_1231_1438,0.47366956662799997
2016_1231_1451,0.9376740906890001
2016_1231_1452,0.122765536371
2016_1231_1453,0.75774251252
2016_1231_1455,0.25547628351
2016_1231_1458,0.236973765752
2016_1231_1462,0.288807608024
2016_1231_1463,0.6976251885060001
2016_1233_1234,0.0301221219605
2016_1233_1235,1.62707221003e-05
2016_1233_1242,0.0032172941413600004
2016_1233_1246,0.0009734851882989998
2016_1233_1268,0.417594298077
2016_1233_1274,0.012284713414
2016_1233_1276,0.0315180955872
2016_1233_1277,0.0143903871106
2016_1233_1292,0.10241888958900001
2016_1233_1314,0.00020720652470700003
2016_1233_1320,0.678189083721
2016_1233_1323,0.42326455405
2016_1233_1328,0.00010092383233600002
2016_1233_1332,0.0963706312568
2016_1233_1333,0.559752433703
2016_1233_1338,0.932884562172
2016_1233_1344,0.028917496353099998
2016_1233_1345,0.00598596188716
2016_1233_1355,0.0686911688248
2016_1233_1371,0.016411570057000002
2016_1233_1372,0.999999
2016_1233_1380,0.163517364941
2016_1233_1386,0.115041777741
2016_1233_1392,0.705369950543
2016_1233_1393,0.00850643295627
2016_1233_1396,0.0212513468858
2016_1233_1400,0.0240177919752
2016_1233_1401,0.00326490409735
2016_1233_1403,0.161674995393
2016_1233_1409,0.00481336576662
2016_1233_1421,0.00569778091029
2016_1233_1423,0.024577375933
2016_1233_1425,0.0048177565770799995
2016_1233_1428,0.0679197442943
2016_1233_1433,0.0012782847976900002
2016_1233_1435,0.397793328332
2016_1233_1437,0.00130458206449
2016_1233_1438,0.400747296523
2016_1233_1451,0.55018535734
2016_1233_1452,0.21984594887699999
2016_1233_1453,2.3779290206e-05
2016_1233_1455,0.37940223392899997
2016_1233_1458,0.934518292167
2016_1233_1462,0.034776735982800004
2016_1233_1463,0.7663437078059999
2016_1234_1235,5.66178136852e-05
2016_1234_1242,0.00172732329251
2016_1234_1246,0.00292969114027
2016_1234_1268,0.7011516552600001
2016_1234_1274,0.07494050807660001
2016_1234_1276,0.13585496955600002
2016_1234_1277,0.020651731779900002
2016_1234_1292,0.11131454784099999
2016_1234_1314,8.36438463748e-05
2016_1234_1320,0.937592907686
2016_1234_1323,0.444562724418
2016_1234_1328,0.00142919459317
2016_1234_1332,0.189213889666
2016_1234_1333,0.752004271359
2016_1234_1338,0.9650580816040001
2016_1234_1344,0.485639394584
2016_1234_1345,0.04686073437800001
2016_1234_1355,0.89568491354
2016_1234_1371,0.0752406405124
2016_1234_1372,0.999999
2016_1234_1380,0.48050998749799995
2016_1234_1386,0.11029658172199999
2016_1234_1392,0.989275770726
2016_1234_1393,0.145170357379
2016_1234_1396,0.161232608715
2016_1234_1400,0.20304947879500002
2016_1234_1401,0.0666041530781
2016_1234_1403,0.644367077147
2016_1234_1409,0.155186040331
2016_1234_1421,0.020501521957599998
2016_1234_1423,0.18195161540899998
2016_1234_1425,0.200176278684
2016_1234_1428,0.6741511360889999
2016_1234_1433,0.107972541296
2016_1234_1435,0.24176782744000003
2016_1234_1437,0.00739699476295
2016_1234_1438,0.9429416810600001
2016_1234_1451,0.902970998775
2016_1234_1452,0.245737777375
2016_1234_1453,9.53843446885e-05
2016_1234_1455,0.778433748046
2016_1234_1458,0.9875095017209999
2016_1234_1462,0.0186302619688
2016_1234_1463,0.9629745973970001
2016_1235_1242,0.00110658760508
2016_1235_1246,0.00124465716237
2016_1235_1268,0.8933274623299999
2016_1235_1274,0.0346764726973
2016_1235_1276,0.5400806412479999
2016_1235_1277,0.017569103375599998
2016_1235_1292,0.22588555412900002
2016_1235_1314,0.008978900389350002
2016_1235_1320,0.8749536225519999
2016_1235_1323,0.7931411173139999
2016_1235_1328,0.018091117173900002
2016_1235_1332,0.0566220260848
2016_1235_1333,0.949066652037
2016_1235_1338,0.9681404935089999
2016_1235_1344,0.285748066089
2016_1235_1345,0.6208369117570001
2016_1235_1355,0.900878073228
2016_1235_1371,0.308779521618
2016_1235_1372,0.976313985943
2016_1235_1380,0.715186580281
2016_1235_1386,0.230601966978
2016_1235_1392,0.991604924181
2016_1235_1393,0.0938024540954
2016_1235_1396,0.235654822489
2016_1235_1400,0.43532819357
2016_1235_1401,0.0322352136782
2016_1235_1403,0.9491826832670001
2016_1235_1409,0.147757625418
2016_1235_1421,0.273205480274
2016_1235_1423,0.283675587226
2016_1235_1425,0.228464963694
2016_1235_1428,0.5052661931920001
2016_1235_1433,0.23813071722600002
2016_1235_1435,0.969609267444
2016_1235_1437,0.00153287364367
2016_1235_1438,0.781646324842
2016_1235_1451,0.938267521023
2016_1235_1452,0.40978752292099996
2016_1235_1453,0.00654137005272
2016_1235_1455,0.641403528817
2016_1235_1458,0.99024638964
2016_1235_1462,0.21892799413300001
2016_1235_1463,0.901082247413
2016_1242_1246,0.281203553382
2016_1242_1268,0.7368884352689999
2016_1242_1274,0.592469140647
2016_1242_1276,0.823580000022
2016_1242_1277,0.554602764133
2016_1242_1292,0.999999
2016_1242_1314,0.458680669538
2016_1242_1320,0.976221182558
2016_1242_1323,0.92440496457
2016_1242_1328,0.925337435077
2016_1242_1332,0.797224249795
2016_1242_1333,0.8168966375
2016_1242_1338,0.983169464504
2016_1242_1344,0.9090034860799999
2016_1242_1345,0.6132906179959999
2016_1242_1355,0.994413253207
2016_1242_1371,0.7763238403120001
2016_1242_1372,0.934478138611
2016_1242_1380,0.990658162387
2016_1242_1386,0.858266530834
2016_1242_1392,0.9870374146700001
2016_1242_1393,0.900688285676
2016_1242_1396,0.955107925281
2016_1242_1400,0.560797239273
2016_1242_1401,0.266877802951
2016_1242_1403,0.9472113959909999
2016_1242_1409,0.9645015738249999
2016_1242_1421,0.999999
2016_1242_1423,0.914522691822
2016_1242_1425,0.960677047071
2016_1242_1428,0.165001261521
2016_1242_1433,0.995715534092
2016_1242_1435,0.960949747148
2016_1242_1437,0.462668365939
2016_1242_1438,0.851433215711
2016_1242_1451,0.99624129954
2016_1242_1452,0.532828963941
2016_1242_1453,0.9579346199269999
2016_1242_1455,0.760666931079
2016_1242_1458,0.826868679693
2016_1242_1462,0.73759633051
2016_1242_1463,0.9062324952709999
2016_1246_1268,0.803582252499
2016_1246_1274,0.0411672825934
2016_1246_1276,0.347764501747
2016_1246_1277,0.144978008139
2016_1246_1292,0.431235691901
2016_1246_1314,0.00351958302393
2016_1246_1320,0.996349147958
2016_1246_1323,0.789455885328
2016_1246_1328,0.0482548665833
2016_1246_1332,0.22120680078000002
2016_1246_1333,0.765331221754
2016_1246_1338,0.999999
2016_1246_1344,0.503133647112
2016_1246_1345,0.395083919539
2016_1246_1355,0.960361395591
2016_1246_1371,0.0473512868932
2016_1246_1372,0.999999
2016_1246_1380,0.8705166134829999
2016_1246_1386,0.08290389538449999
2016_1246_1392,0.987231946858
2016_1246_1393,0.24519115428399998
2016_1246_1396,0.39384768228699996
2016_1246_1400,0.4365779324399999
2016_1246_1401,0.0433195995725
2016_1246_1403,0.722554580436
2016_1246_1409,0.37171173811700003
2016_1246_1421,0.0117123183646
2016_1246_1423,0.157071749433
2016_1246_1425,0.49166648278700004
2016_1246_1428,0.7139668085199999
2016_1246_1433,0.17071501284899998
2016_1246_1435,0.796785111971
2016_1246_1437,0.016788718743700002
2016_1246_1438,0.98461338324
2016_1246_1451,0.871017624293
2016_1246_1452,0.525988173786
2016_1246_1453,0.0005205097917199999
2016_1246_1455,0.8857267071320001
2016_1246_1458,0.973064133955
2016_1246_1462,0.138178088045
2016_1246_1463,0.9885747867460001
2016_1268_1274,0.0734715697821
2016_1268_1276,0.389189493694
2016_1268_1277,0.09296948972130001
2016_1268_1292,0.327839770378
2016_1268_1314,0.0341510470817
2016_1268_1320,0.355737201045
2016_1268_1323,0.795759449952
2016_1268_1328,0.0748753392353
2016_1268_1332,0.522145873478
2016_1268_1333,0.7621396266689999
2016_1268_1338,0.728159702771
2016_1268_1344,0.577571691342
2016_1268_1345,0.596650619194
2016_1268_1355,0.721976767068
2016_1268_1371,0.395789295506
2016_1268_1372,0.748135186709
2016_1268_1380,0.718288061038
2016_1268_1386,0.23072345244800002
2016_1268_1392,0.8346072073549999
2016_1268_1393,0.45324154350400003
2016_1268_1396,0.37201582279600004
2016_1268_1400,0.416306811163
2016_1268_1401,0.250463174815
2016_1268_1403,0.837003517994
2016_1268_1409,0.628857566419
2016_1268_1421,0.782070437859
2016_1268_1423,0.658561042554
2016_1268_1425,0.752404442357
2016_1268_1428,0.335871633654
2016_1268_1433,0.859510079333
2016_1268_1435,0.724286087234
2016_1268_1437,0.181651099891
2016_1268_1438,0.791724408419
2016_1268_1451,0.8203928017550001
2016_1268_1452,0.30799938766
2016_1268_1453,0.497996071743
2016_1268_1455,0.13569423932299998
2016_1268_1458,0.328413995799
2016_1268_1462,0.46018656543799996
2016_1268_1463,0.408383022977
2016_1274_1276,0.563097975005
2016_1274_1277,0.300148796533
2016_1274_1292,0.987747970209
2016_1274_1314,0.805334462132
2016_1274_1320,0.333278102889
2016_1274_1323,0.708150346079
2016_1274_1328,0.69300908339
2016_1274_1332,0.6515019436630001
2016_1274_1333,0.738231923056
2016_1274_1338,0.8386817902439999
2016_1274_1344,0.7336746453190001
2016_1274_1345,0.8338091598
2016_1274_1355,0.947844496823
2016_1274_1371,0.782449419942
2016_1274_1372,0.898690993803
2016_1274_1380,0.79026790826
2016_1274_1386,0.565776109058
2016_1274_1392,0.989023212879
2016_1274_1393,0.7576545804420001
2016_1274_1396,0.852371935834
2016_1274_1400,0.628890492035
2016_1274_1401,0.285329162292
2016_1274_1403,0.9540989276649999
2016_1274_1409,0.847448772329
2016_1274_1421,0.965926899086
2016_1274_1423,0.8916440899670001
2016_1274_1425,0.895999201598
2016_1274_1428,0.625987529936
2016_1274_1433,0.9853002515620001
2016_1274_1435,0.750638618245
2016_1274_1437,0.23772628851799998
2016_1274_1438,0.8980699336669999
2016_1274_1451,0.968331379357
2016_1274_1452,0.36062451984
2016_1274_1453,0.81563420918
2016_1274_1455,0.300625259816
2016_1274_1458,0.23912441117
2016_1274_1462,0.420710935401
2016_1274_1463,0.654845790617
2016_1276_1277,0.06178912003380001
2016_1276_1292,0.34433532688
2016_1276_1314,0.00603894918248
2016_1276_1320,0.36926094209399996
2016_1276_1323,0.530377489685
2016_1276_1328,0.0044820374206000005
2016_1276_1332,0.36556728706999997
2016_1276_1333,0.748286087954
2016_1276_1338,0.633203776485
2016_1276_1344,0.46203880794600005
2016_1276_1345,0.115470986209
2016_1276_1355,0.26442886828
2016_1276_1371,0.21800298971700002
2016_1276_1372,0.8142995308140001
2016_1276_1380,0.745529980738
2016_1276_1386,0.47776052116000006
2016_1276_1392,0.48836258511799996
2016_1276_1393,0.616526648692
2016_1276_1396,0.197315254418
2016_1276_1400,0.354390433112
2016_1276_1401,0.359097258706
2016_1276_1403,0.6717969577670001
2016_1276_1409,0.533169347833
2016_1276_1421,0.659915343155
2016_1276_1423,0.597311565927
2016_1276_1425,0.793347042414
2016_1276_1428,0.722305718684
2016_1276_1433,0.8731761565989999
2016_1276_1435,0.695008371274
2016_1276_1437,0.513136039112
2016_1276_1438,0.836409562442
2016_1276_1451,0.975630694842
2016_1276_1452,0.573441556723
2016_1276_1453,0.627326571338
2016_1276_1455,0.7109063794830001
2016_1276_1458,0.8755577796840001
2016_1276_1462,0.605675865668
2016_1276_1463,0.884227946026
2016_1277_1292,0.9962893868029999
2016_1277_1314,0.0336056275784
2016_1277_1320,0.999999
2016_1277_1323,0.978899856348
2016_1277_1328,0.0742832417469
2016_1277_1332,0.479959805279
2016_1277_1333,0.9077929814550001
2016_1277_1338,0.999999
2016_1277_1344,0.79505127994
2016_1277_1345,0.747463988865
2016_1277_1355,0.9824172413410001
2016_1277_1371,0.5261862654199999
2016_1277_1372,0.999999
2016_1277_1380,0.9820161680930001
2016_1277_1386,0.474935952608
2016_1277_1392,0.999999
2016_1277_1393,0.330730034877
2016_1277_1396,0.8454687291320001
2016_1277_1400,0.8636526581209999
2016_1277_1401,0.161144634049
2016_1277_1403,0.9173653924200001
2016_1277_1409,0.6262656900460001
2016_1277_1421,0.22166989337499998
2016_1277_1423,0.491214294218
2016_1277_1425,0.7754907842479999
2016_1277_1428,0.9091284504539999
2016_1277_1433,0.8160557228149999
2016_1277_1435,0.939011313116
2016_1277_1437,0.00835055677186
2016_1277_1438,0.998925042792
2016_1277_1451,0.989747681231
2016_1277_1452,0.7539080454189999
2016_1277_1453,0.0012901393533
2016_1277_1455,0.983394021945
2016_1277_1458,0.999999
2016_1277_1462,0.334469641008
2016_1277_1463,0.996331652986
2016_1292_1314,0.00257859911433
2016_1292_1320,0.116628736481
2016_1292_1323,0.220825914844
2016_1292_1328,0.0018473107047899998
2016_1292_1332,0.287764593966
2016_1292_1333,0.109186818938
2016_1292_1338,0.075156742108
2016_1292_1344,0.15086395735400002
2016_1292_1345,0.025115062029
2016_1292_1355,0.405131304231
2016_1292_1371,0.24793377333299998
2016_1292_1372,0.293933218758
2016_1292_1380,0.145289943733
2016_1292_1386,0.36445240861699996
2016_1292_1392,0.144541036736
2016_1292_1393,0.095281780559
2016_1292_1396,0.0825965728455
2016_1292_1400,0.043233831544000005
2016_1292_1401,0.0828870296575
2016_1292_1403,0.113722934922
2016_1292_1409,0.0984010651498
2016_1292_1421,0.620972066798
2016_1292_1423,0.384419718894
2016_1292_1425,0.05804987712259999
2016_1292_1428,0.0137831276571
2016_1292_1433,0.0360315884597
2016_1292_1435,0.0939529704928
2016_1292_1437,0.010662678909700001
2016_1292_1438,0.028749209731
2016_1292_1451,0.573866234452
2016_1292_1452,0.08719232230239998
2016_1292_1453,0.0704239163986
2016_1292_1455,0.11358202240599999
2016_1292_1458,0.0379638463842
2016_1292_1462,0.0453824881474
2016_1292_1463,0.0123243746629
2016_1314_1320,0.871689040524
2016_1314_1323,0.9500078783429999
2016_1314_1328,0.932391560266
2016_1314_1332,0.834685508592
2016_1314_1333,0.780670397446
2016_1314_1338,0.950495858934
2016_1314_1344,0.443740427763
2016_1314_1345,0.83678544492
2016_1314_1355,0.998931841683
2016_1314_1371,0.88651363814
2016_1314_1372,0.989840631576
2016_1314_1380,0.988128117434
2016_1314_1386,0.9569338335009999
2016_1314_1392,0.9969656443350001
2016_1314_1393,0.7753203348219999
2016_1314_1396,0.642785271318
2016_1314_1400,0.8294405437540001
2016_1314_1401,0.39103396524800005
2016_1314_1403,0.9516339228540001
2016_1314_1409,0.8702495550079999
2016_1314_1421,0.979058987502
2016_1314_1423,0.871348397221
2016_1314_1425,0.926741431429
2016_1314_1428,0.36488945071
2016_1314_1433,0.959785893894
2016_1314_1435,0.887062772323
2016_1314_1437,0.30848086556800003
2016_1314_1438,0.9854180963150001
2016_1314_1451,0.9801165114579999
2016_1314_1452,0.646166813756
2016_1314_1453,0.877166388068
2016_1314_1455,0.907355498556
2016_1314_1458,0.7410729882100001
2016_1314_1462,0.825848965931
2016_1314_1463,0.947928308638
2016_1320_1323,0.110830721956
2016_1320_1328,0.000491998148196
2016_1320_1332,0.0469811493981
2016_1320_1333,0.275228450498
2016_1320_1338,0.5686633395440001
2016_1320_1344,0.0613512332087
2016_1320_1345,0.0114571957953
2016_1320_1355,0.257841503859
2016_1320_1371,0.0398371971424
2016_1320_1372,0.749211652493
2016_1320_1380,0.356966744415
2016_1320_1386,0.024675871605000003
2016_1320_1392,0.039811587148199996
2016_1320_1393,0.11671205037
2016_1320_1396,0.10816990032299999
2016_1320_1400,0.377045013495
2016_1320_1401,0.0212734340949
2016_1320_1403,0.414139857917
2016_1320_1409,0.18505563763500002
2016_1320_1421,0.44715381838
2016_1320_1423,0.34265149683799995
2016_1320_1425,0.477251822933
2016_1320_1428,0.202713353558
2016_1320_1433,0.36693337847900004
2016_1320_1435,0.140122095394
2016_1320_1437,0.017373998924700002
2016_1320_1438,0.334983377659
2016_1320_1451,0.552865502716
2016_1320_1452,0.009645495610870001
2016_1320_1453,0.033187449191700004
2016_1320_1455,0.128747746021
2016_1320_1458,0.280627111852
2016_1320_1462,0.0165505527925
2016_1320_1463,0.423580960942
2016_1323_1328,0.000165889065838
2016_1323_1332,0.162759867578
2016_1323_1333,0.247788007431
2016_1323_1338,0.187328991272
2016_1323_1344,0.0658548304258
2016_1323_1345,0.66159612451
2016_1323_1355,0.357390691083
2016_1323_1371,0.400860267232
2016_1323_1372,0.7555885857629999
2016_1323_1380,0.216581025076
2016_1323_1386,0.0219340056024
2016_1323_1392,0.596232274712
2016_1323_1393,0.09639150657739999
2016_1323_1396,0.0336714171716
2016_1323_1400,0.16729553101199998
2016_1323_1401,0.105579871856
2016_1323_1403,0.573006900848
2016_1323_1409,0.163551526216
2016_1323_1421,0.123025099348
2016_1323_1423,0.5367553378559999
2016_1323_1425,0.34358727260899996
2016_1323_1428,0.236921360334
2016_1323_1433,0.760579102617
2016_1323_1435,0.207910932669
2016_1323_1437,0.0347379085973
2016_1323_1438,0.635467000385
2016_1323_1451,0.924005854698
2016_1323_1452,0.123557971896
2016_1323_1453,0.00835099486975
2016_1323_1455,0.0803204997194
2016_1323_1458,0.062324721150000005
2016_1323_1462,0.0318455740203
2016_1323_1463,0.268451093601
2016_1328_1332,0.0374057798325
2016_1328_1333,0.797812988793
2016_1328_1338,0.998106660797
2016_1328_1344,0.200150376692
2016_1328_1345,0.60460819692
2016_1328_1355,0.573385097886
2016_1328_1371,0.09775203690239999
2016_1328_1372,0.9865717129200001
2016_1328_1380,0.784341946218
2016_1328_1386,0.0419642420721
2016_1328_1392,0.8523470218870001
2016_1328_1393,0.041157401614699995
2016_1328_1396,0.5101530597439999
2016_1328_1400,0.751228128355
2016_1328_1401,0.022421264437299998
2016_1328_1403,0.771306522748
2016_1328_1409,0.137480754974
2016_1328_1421,0.0100335987887
2016_1328_1423,0.0647828521478
2016_1328_1425,0.06440494508830001
2016_1328_1428,0.793551887044
2016_1328_1433,0.122998437154
2016_1328_1435,0.189171333054
2016_1328_1437,0.000126212948762
2016_1328_1438,0.567491572322
2016_1328_1451,0.615919080738
2016_1328_1452,0.223786742916
2016_1328_1453,6.75714740265e-05
2016_1328_1455,0.569253499419
2016_1328_1458,0.936213587709
2016_1328_1462,0.0492300853111
2016_1328_1463,0.5645630669430001
2016_1332_1333,0.966146570529
2016_1332_1338,0.999999
2016_1332_1344,0.8886134092810001
2016_1332_1345,0.933217646771
2016_1332_1355,0.9726895296060001
2016_1332_1371,0.28989972963599997
2016_1332_1372,0.999999
2016_1332_1380,0.9900754409929999
2016_1332_1386,0.241411272858
2016_1332_1392,0.999999
2016_1332_1393,0.289486278759
2016_1332_1396,0.9318225001260001
2016_1332_1400,0.8925531918619999
2016_1332_1401,0.15214507122
2016_1332_1403,0.9959818260950001
2016_1332_1409,0.715928645817
2016_1332_1421,0.045955302444099996
2016_1332_1423,0.7274735511849999
2016_1332_1425,0.860541986548
2016_1332_1428,0.980632029617
2016_1332_1433,0.970374155137
2016_1332_1435,0.8609604641349999
2016_1332_1437,0.00832287288963
2016_1332_1438,0.999999
2016_1332_1451,0.999999
2016_1332_1452,0.9434888844700001
2016_1332_1453,0.00114492523513
2016_1332_1455,0.9840637447339999
2016_1332_1458,0.999999
2016_1332_1462,0.57646269971
2016_1332_1463,0.999999
2016_1333_1338,0.827924057528
2016_1333_1344,0.700492993511
2016_1333_1345,0.32691474301999995
2016_1333_1355,0.925874389238
2016_1333_1371,0.788021732563
2016_1333_1372,0.961670506492
2016_1333_1380,0.8805605635860001
2016_1333_1386,0.513188300867
2016_1333_1392,0.925798439083
2016_1333_1393,0.599256149939
2016_1333_1396,0.668992247234
2016_1333_1400,0.822665030564
2016_1333_1401,0.687048064055
2016_1333_1403,0.972173541126
2016_1333_1409,0.817015468769
2016_1333_1421,0.826893411881
2016_1333_1423,0.8442823035529999
2016_1333_1425,0.8415366488220001
2016_1333_1428,0.850356603503
2016_1333_1433,0.8953462162899999
2016_1333_1435,0.418513899623
2016_1333_1437,0.426153454719
2016_1333_1438,0.832592464439
2016_1333_1451,0.967494272227
2016_1333_1452,0.730226330097
2016_1333_1453,0.178219430988
2016_1333_1455,0.537744677483
2016_1333_1458,0.784302681093
2016_1333_1462,0.47009749649099997
2016_1333_1463,0.683154404939
2016_1338_1344,0.00905728425155
2016_1338_1345,0.00724054200957
2016_1338_1355,0.0311152559694
2016_1338_1371,0.00808470370253
2016_1338_1372,0.5438309844129999
2016_1338_1380,0.0487945822669
2016_1338_1386,0.0023632111689099997
2016_1338_1392,0.0480781559811
2016_1338_1393,0.0049718590018
2016_1338_1396,0.004340218337439999
2016_1338_1400,0.00323164588916
2016_1338_1401,0.00134785917132
2016_1338_1403,0.0241840656866
2016_1338_1409,0.028051322149
2016_1338_1421,0.136611719954
2016_1338_1423,0.529824284014
2016_1338_1425,0.0269344690512
2016_1338_1428,0.033820205414
2016_1338_1433,0.31358850485399997
2016_1338_1435,0.004085040160929999
2016_1338_1437,0.00869183401737
2016_1338_1438,0.0721354973698
2016_1338_1451,0.418725008516
2016_1338_1452,0.0008695458492919999
2016_1338_1453,0.00262835131204
2016_1338_1455,0.00788577401356
2016_1338_1458,0.015342573249700002
2016_1338_1462,0.00289788319526
2016_1338_1463,0.24562583312300001
2016_1344_1345,0.0966205565924
2016_1344_1355,0.641624355713
2016_1344_1371,0.15402672744
2016_1344_1372,0.7434408807289999
2016_1344_1380,0.882004410275
2016_1344_1386,0.17243460092799998
2016_1344_1392,0.7440742964749999
2016_1344_1393,0.46884894589500004
2016_1344_1396,0.375379636134
2016_1344_1400,0.7581763312340001
2016_1344_1401,0.259870122456
2016_1344_1403,0.961540017195
2016_1344_1409,0.705711436857
2016_1344_1421,0.98116770729
2016_1344_1423,0.565872235896
2016_1344_1425,0.678683162079
2016_1344_1428,0.597750683608
2016_1344_1433,0.43545014490199996
2016_1344_1435,0.603075137278
2016_1344_1437,0.125249135988
2016_1344_1438,0.284397687123
2016_1344_1451,0.989418540164
2016_1344_1452,0.538717309332
2016_1344_1453,0.497359852178
2016_1344_1455,0.7114635352249999
2016_1344_1458,0.799740441642
2016_1344_1462,0.311830707605
2016_1344_1463,0.745122293655
2016_1345_1355,0.9863940551579999
2016_1345_1371,0.8101259296179999
2016_1345_1372,0.9213572874279999
2016_1345_1380,0.943819403778
2016_1345_1386,0.49034291595799995
2016_1345_1392,0.980729443665
2016_1345_1393,0.732988069041
2016_1345_1396,0.856582801406
2016_1345_1400,0.597443779222
2016_1345_1401,0.515662727591
2016_1345_1403,0.961010346107
2016_1345_1409,0.926476984605
2016_1345_1421,0.926765932975
2016_1345_1423,0.949242225733
2016_1345_1425,0.9416638615440001
2016_1345_1428,0.506323982987
2016_1345_1433,0.946188674684
2016_1345_1435,0.67397005729
2016_1345_1437,0.352273233284
2016_1345_1438,0.676188723391
2016_1345_1451,0.999999
2016_1345_1452,0.235001120326
2016_1345_1453,0.744086318098
2016_1345_1455,0.650995288257
2016_1345_1458,0.74219952705
2016_1345_1462,0.660382710523
2016_1345_1463,0.817071076766
2016_1355_1371,0.00995134935731
2016_1355_1372,0.995786336711
2016_1355_1380,0.33033776244
2016_1355_1386,0.155287088217
2016_1355_1392,0.555691167722
2016_1355_1393,0.0275362491878
2016_1355_1396,0.0336759799085
2016_1355_1400,0.19834335214200002
2016_1355_1401,0.0136649041644
2016_1355_1403,0.219907343792
2016_1355_1409,0.0300669894965
2016_1355_1421,0.00293090057172
2016_1355_1423,0.0426076864139
2016_1355_1425,0.00615556693294
2016_1355_1428,0.651881052694
2016_1355_1433,0.00213128711327
2016_1355_1435,0.44360626971
2016_1355_1437,0.0005864166833080001
2016_1355_1438,0.163061676799
2016_1355_1451,0.834304814607
2016_1355_1452,0.8221184184999999
2016_1355_1453,0.000499951761578
2016_1355_1455,0.8359114302860001
2016_1355_1458,0.974601615109
2016_1355_1462,0.225115989076
2016_1355_1463,0.9578111196410001
2016_1371_1372,0.999999
2016_1371_1380,0.626014445267
2016_1371_1386,0.471548843266
2016_1371_1392,0.9995741211139999
2016_1371_1393,0.045628945880100004
2016_1371_1396,0.488121944087
2016_1371_1400,0.398482653616
2016_1371_1401,0.029814411666
2016_1371_1403,0.535471597527
2016_1371_1409,0.503774600446
2016_1371_1421,0.223367884549
2016_1371_1423,0.1835371407
2016_1371_1425,0.34315799698399996
2016_1371_1428,0.524681444821
2016_1371_1433,0.0631440856543
2016_1371_1435,0.627841579389
2016_1371_1437,0.00392056554904
2016_1371_1438,0.908679502096
2016_1371_1451,0.7456528779970001
2016_1371_1452,0.08173644041780001
2016_1371_1453,0.0015863281927100002
2016_1371_1455,0.399860367145
2016_1371_1458,0.94748145588
2016_1371_1462,0.100928566219
2016_1371_1463,0.8044911399760001
2016_1372_1380,0.0248280946292
2016_1372_1386,0.34073484890699995
2016_1372_1392,0.35314717576800003
2016_1372_1393,0.0112236278089
2016_1372_1396,0.0137095749737
2016_1372_1400,0.000978920224406
2016_1372_1401,0.017388383385
2016_1372_1403,0.0791116159715
2016_1372_1409,0.0598074971447
2016_1372_1421,0.209166788629
2016_1372_1423,0.526255259643
2016_1372_1425,0.0217395008685
2016_1372_1428,0.00643933096563
2016_1372_1433,0.0561951279218
2016_1372_1435,0.00860793045156
2016_1372_1437,0.017296333661799997
2016_1372_1438,0.0265013617414
2016_1372_1451,0.530067987789
2016_1372_1452,0.019293512507200003
2016_1372_1453,0.0623693683694
2016_1372_1455,0.010912318896600002
2016_1372_1458,0.00928627527712
2016_1372_1462,0.00794865676061
2016_1372_1463,0.0302891486533
2016_1380_1386,0.419795432943
2016_1380_1392,0.0524588492026
2016_1380_1393,0.029415570652099998
2016_1380_1396,0.00779394394542
2016_1380_1400,0.0049248757392
2016_1380_1401,0.055074225851400004
2016_1380_1403,0.00954332695242
2016_1380_1409,0.010580007053399999
2016_1380_1421,0.302353012776
2016_1380_1423,0.048946618393699994
2016_1380_1425,0.00511118496176
2016_1380_1428,0.0028732888478700002
2016_1380_1433,0.0024308472684899996
2016_1380_1435,0.0321857201496
2016_1380_1437,0.00579920969637
2016_1380_1438,0.0011891969769100002
2016_1380_1451,0.16242291859000002
2016_1380_1452,0.0331512765262
2016_1380_1453,0.00770732123822
2016_1380_1455,0.0614709595605
2016_1380_1458,0.028836479324
2016_1380_1462,0.010361271444799999
2016_1380_1463,0.011955430724500001
2016_1386_1392,0.9955179859759999
2016_1386_1393,0.0965923384523
2016_1386_1396,0.0874586701729
2016_1386_1400,0.500167137267
2016_1386_1401,0.0608684042062
2016_1386_1403,0.586116839231
2016_1386_1409,0.141183786893
2016_1386_1421,0.0413831375452
2016_1386_1423,0.35170545329400005
2016_1386_1425,0.255534840865
2016_1386_1428,0.842154878192
2016_1386_1433,0.0618913485388
2016_1386_1435,0.472153760311
2016_1386_1437,0.00913156012009
2016_1386_1438,0.9853346421200001
2016_1386_1451,0.818656338248
2016_1386_1452,0.793499729218
2016_1386_1453,0.000495154610865
2016_1386_1455,0.8773720362890001
2016_1386_1458,0.961928355644
2016_1386_1462,0.389633474859
2016_1386_1463,0.993666627558
2016_1392_1393,0.128693281458
2016_1392_1396,0.0120273137329
2016_1392_1400,0.0045248270644499995
2016_1392_1401,0.34353039334299995
2016_1392_1403,0.0625317017294
2016_1392_1409,0.06761289612
2016_1392_1421,0.6075171154919999
2016_1392_1423,0.288231401224
2016_1392_1425,0.156408843076
2016_1392_1428,0.0242961280723
2016_1392_1433,0.0709319923086
2016_1392_1435,0.102361435058
2016_1392_1437,0.162621378651
2016_1392_1438,0.0760806325288
2016_1392_1451,0.40469792020499995
2016_1392_1452,0.335263145002
2016_1392_1453,0.118681636623
2016_1392_1455,0.140425298757
2016_1392_1458,0.0876751681561
2016_1392_1462,0.27084605107099996
2016_1392_1463,0.255646552166
2016_1393_1396,0.0700338794085
2016_1393_1400,0.243250425866
2016_1393_1401,0.500960055251
2016_1393_1403,0.472416012816
2016_1393_1409,0.732818278796
2016_1393_1421,0.998674004432
2016_1393_1423,0.898755401931
2016_1393_1425,0.9211168473100001
2016_1393_1428,0.540876185428
2016_1393_1433,0.8058286583930001
2016_1393_1435,0.6976984446719999
2016_1393_1437,0.46687168556599995
2016_1393_1438,0.811476819762
2016_1393_1451,0.940359915875
2016_1393_1452,0.790539404535
2016_1393_1453,0.34246822123099996
2016_1393_1455,0.38228158426700004
2016_1393_1458,0.917482217945
2016_1393_1462,0.536396823276
2016_1393_1463,0.6739984339830001
2016_1396_1400,0.156056187239
2016_1396_1401,0.567478072968
2016_1396_1403,0.216049152089
2016_1396_1409,0.6754834005979999
2016_1396_1421,0.9817477264700002
2016_1396_1423,0.947634565838
2016_1396_1425,0.824411867662
2016_1396_1428,0.77743654007
2016_1396_1433,0.895362750116
2016_1396_1435,0.332605225843
2016_1396_1437,0.644659760506
2016_1396_1438,0.9414152882410001
2016_1396_1451,0.966518657492
2016_1396_1452,0.6943171255480001
2016_1396_1453,0.31515582045400004
2016_1396_1455,0.7756615313390001
2016_1396_1458,0.663726429556
2016_1396_1462,0.542640354722
2016_1396_1463,0.285670346698
2016_1400_1401,0.722752395694
2016_1400_1403,0.496345559876
2016_1400_1409,0.901093186136
2016_1400_1421,0.9843719666680001
2016_1400_1423,0.766289265012
2016_1400_1425,0.718230033576
2016_1400_1428,0.78448711441
2016_1400_1433,0.916262255323
2016_1400_1435,0.697449210424
2016_1400_1437,0.443917811843
2016_1400_1438,0.91206296751
2016_1400_1451,0.833607622967
2016_1400_1452,0.49959920251999995
2016_1400_1453,0.468825533512
2016_1400_1455,0.709315514084
2016_1400_1458,0.5803240295009999
2016_1400_1462,0.36623682741700003
2016_1400_1463,0.7633779828849999
2016_1401_1403,0.556441396978
2016_1401_1409,0.738597232377
2016_1401_1421,0.979431129675
2016_1401_1423,0.766538592904
2016_1401_1425,0.674973191122
2016_1401_1428,0.502940884125
2016_1401_1433,0.9002928852940001
2016_1401_1435,0.697232467121
2016_1401_1437,0.598087154075
2016_1401_1438,0.788627247938
2016_1401_1451,0.8658374003829999
2016_1401_1452,0.396147234856
2016_1401_1453,0.330360450113
2016_1401_1455,0.47338770937200003
2016_1401_1458,0.45236067689
2016_1401_1462,0.52151548111
2016_1401_1463,0.575455769003
2016_1403_1409,0.334490573001
2016_1403_1421,0.9403164990620001
2016_1403_1423,0.661459957714
2016_1403_1425,0.516837803552
2016_1403_1428,0.0969291273352
2016_1403_1433,0.696731250752
2016_1403_1435,0.0709150112038
2016_1403_1437,0.206904844503
2016_1403_1438,0.732365362016
2016_1403_1451,0.49457402225100006
2016_1403_1452,0.12273087812000001
2016_1403_1453,0.27408840337699997
2016_1403_1455,0.19258720520999997
2016_1403_1458,0.126522976353
2016_1403_1462,0.208315127716
2016_1403_1463,0.288306682462
2016_1409_1421,0.07285758035380001
2016_1409_1423,0.176733825438
2016_1409_1425,0.222677359644
2016_1409_1428,0.948572412299
2016_1409_1433,0.0662656752563
2016_1409_1435,0.58803883145
2016_1409_1437,0.0357784796677
2016_1409_1438,0.930775055956
2016_1409_1451,0.8890350619349999
2016_1409_1452,0.541596200797
2016_1409_1453,0.000885331678092
2016_1409_1455,0.922618428536
2016_1409_1458,0.999999
2016_1409_1462,0.20051433333299998
2016_1409_1463,0.9211156906219999
2016_1421_1423,0.024136829627400002
2016_1421_1425,0.00462015762479
2016_1421_1428,0.011510706089
2016_1421_1433,0.000201582047973
2016_1421_1435,0.0535884335726
2016_1421_1437,9.61650831889e-05
2016_1421_1438,0.0144079296994
2016_1421_1451,0.199463058257
2016_1421_1452,0.00907574550089
2016_1421_1453,2.18149175045e-06
2016_1421_1455,0.253720691647
2016_1421_1458,0.9497190166600001
2016_1421_1462,0.0007148684260839999
2016_1421_1463,0.118077573806
2016_1423_1425,0.0412196826046
2016_1423_1428,0.0870018593035
2016_1423_1433,0.0201070335855
2016_1423_1435,0.134820602702
2016_1423_1437,0.15345087266899998
2016_1423_1438,0.024871747736400003
2016_1423_1451,0.645168012732
2016_1423_1452,0.431862798808
2016_1423_1453,0.0365643756843
2016_1423_1455,0.427418236027
2016_1423_1458,0.28940450641300003
2016_1423_1462,0.145580697685
2016_1423_1463,0.6399240088270001
2016_1425_1428,0.102414785821
2016_1425_1433,0.112571747278
2016_1425_1435,0.029037930545099996
2016_1425_1437,0.370309174014
2016_1425_1438,0.565733671999
2016_1425_1451,0.414783574155
2016_1425_1452,0.254932377299
2016_1425_1453,0.43655904135799994
2016_1425_1455,0.22415855429
2016_1425_1458,0.0942853719803
2016_1425_1462,0.22694765974800002
2016_1425_1463,0.9016890151029999
2016_1428_1433,0.999999
2016_1428_1435,0.8354054758249999
2016_1428_1437,0.773612830123
2016_1428_1438,0.9758053306829999
2016_1428_1451,0.999999
2016_1428_1452,0.6780477610979999
2016_1428_1453,0.8141285857449999
2016_1428_1455,0.9312482544760001
2016_1428_1458,0.9262497397789999
2016_1428_1462,0.777599924726
2016_1428_1463,0.9851535013230001
2016_1433_1435,0.23273974544599998
2016_1433_1437,0.225761434483
2016_1433_1438,0.338807965783
2016_1433_1451,0.866272667768
2016_1433_1452,0.0519565903349
2016_1433_1453,0.572136113633
2016_1433_1455,0.263134602848
2016_1433_1458,0.240814588833
2016_1433_1462,0.169599184772
2016_1433_1463,0.580646869936
2016_1435_1437,0.000332814888742
2016_1435_1438,0.0004668435998399999
2016_1435_1451,0.00166166103729
2016_1435_1452,0.00032596438928
2016_1435_1453,0.6696690263539999
2016_1435_1455,0.0006926624667769999
2016_1435_1458,0.00044456626764099994
2016_1435_1462,0.000411340277762
2016_1435_1463,0.0008134745792020001
2016_1437_1438,0.960943309585
2016_1437_1451,0.948080992596
2016_1437_1452,0.528948823564
2016_1437_1453,0.000683563383941
2016_1437_1455,0.988342419999
2016_1437_1458,0.999999
2016_1437_1462,0.132211817606
2016_1437_1463,0.9555307338410001
2016_1438_1451,0.999999
2016_1438_1452,0.4279325345
2016_1438_1453,0.913846058046
2016_1438_1455,0.872254266563
2016_1438_1458,0.662610065673
2016_1438_1462,0.8667884269509999
2016_1438_1463,0.8434396121179999
2016_1451_1452,0.0576327208241
2016_1451_1453,6.00508824742e-05
2016_1451_1455,0.458035834123
2016_1451_1458,0.806208673855
2016_1451_1462,0.012282807019499999
2016_1451_1463,0.34860212134
2016_1452_1453,0.295502370809
2016_1452_1455,0.9525310699200001
2016_1452_1458,0.852095856488
2016_1452_1462,0.729855488048
2016_1452_1463,0.943309370897
2016_1453_1455,0.182728626054
2016_1453_1458,0.352488977882
2016_1453_1462,0.0279275348661
2016_1453_1463,0.535807032883
2016_1455_1458,0.327403396761
2016_1455_1462,0.142087142082
2016_1455_1463,0.294617093595
2016_1458_1462,0.111024760054
2016_1458_1463,0.19661398516399997
2016_1462_1463,0.9628774036750001
